key: 114	depth: 4	code: 0000
key: 101	depth: 4	code: 0001
key: 32	depth: 3	code: 001
key: 48	depth: 6	code: 010000
key: 52	depth: 9	code: 010001000
key: 54	depth: 9	code: 010001001
key: 107	depth: 8	code: 01000101
key: 76	depth: 7	code: 0100011
key: 60	depth: 7	code: 0100100
key: 50	depth: 8	code: 01001010
key: 63	depth: 10	code: 0100101100
key: 55	depth: 10	code: 0100101101
key: 90	depth: 9	code: 010010111
key: 37	depth: 8	code: 01001100
key: 79	depth: 9	code: 010011010
key: 75	depth: 9	code: 010011011
key: 83	depth: 9	code: 010011100
key: 81	depth: 9	code: 010011101
key: 67	depth: 9	code: 010011110
key: 66	depth: 9	code: 010011111
key: 59	depth: 5	code: 01010
key: 115	depth: 5	code: 01011
key: 117	depth: 6	code: 011000
key: 109	depth: 7	code: 0110010
key: 93	depth: 7	code: 0110011
key: 41	depth: 5	code: 01101
key: 40	depth: 5	code: 01110
key: 91	depth: 7	code: 0111100
key: 62	depth: 7	code: 0111101
key: 33	depth: 10	code: 0111110000
key: 124	depth: 10	code: 0111110001
key: 98	depth: 9	code: 011111001
key: 85	depth: 9	code: 011111010
key: 84	depth: 11	code: 01111101100
key: 51	depth: 11	code: 01111101101
key: 35	depth: 10	code: 0111110111
key: 125	depth: 7	code: 0111111
key: 9	depth: 3	code: 100
key: 111	depth: 5	code: 10100
key: 123	depth: 7	code: 1010100
key: 43	depth: 7	code: 1010101
key: 97	depth: 6	code: 101011
key: 61	depth: 6	code: 101100
key: 122	depth: 9	code: 101101000
key: 113	depth: 9	code: 101101001
key: 58	depth: 9	code: 101101010
key: 38	depth: 9	code: 101101011
key: 45	depth: 7	code: 1011011
key: 102	depth: 5	code: 10111
key: 110	depth: 5	code: 11000
key: 44	depth: 6	code: 110010
key: 108	depth: 7	code: 1100110
key: 78	depth: 8	code: 11001110
key: 49	depth: 8	code: 11001111
key: 10	depth: 5	code: 11010
key: 34	depth: 7	code: 1101100
key: 46	depth: 8	code: 11011010
key: 69	depth: 9	code: 110110110
key: 53	depth: 9	code: 110110111
key: 103	depth: 9	code: 110111000
key: 73	depth: 9	code: 110111001
key: 80	depth: 12	code: 110111010000
key: 72	depth: 12	code: 110111010001
key: 56	depth: 11	code: 11011101001
key: 118	depth: 10	code: 1101110101
key: 121	depth: 9	code: 110111011
key: 112	depth: 7	code: 1101111
key: 116	depth: 5	code: 11100
key: 105	depth: 5	code: 11101
key: 104	depth: 7	code: 1111000
key: 95	depth: 7	code: 1111001
key: 99	depth: 6	code: 111101
key: 47	depth: 9	code: 111110000
key: 106	depth: 10	code: 1111100010
key: 70	depth: 10	code: 1111100011
key: 120	depth: 8	code: 11111001
key: 42	depth: 8	code: 11111010
key: 119	depth: 9	code: 111110110
key: 92	depth: 9	code: 111110111
key: 100	depth: 6	code: 111111
0111110111
11101
11000
111101
1100110
011000
111111
0001
001
0100100
11101
10100
01011
11100
0000
0001
101011
0110010
0111101
11010
0111110111
11101
11000
111101
1100110
011000
111111
0001
001
0100100
111101
01011
11100
111111
11101
10100
0111101
11010
0111110111
11101
11000
111101
1100110
011000
111111
0001
001
0100100
111101
01011
11100
111111
1100110
11101
011111001
0111101
11010
0111110111
11101
11000
111101
1100110
011000
111111
0001
001
0100100
0110010
101011
1101111
0111101
11010
0111110111
11101
11000
111101
1100110
011000
111111
0001
001
0100100
101101001
011000
0001
011000
0001
0111101
11010
0111110111
11101
11000
111101
1100110
011000
111111
0001
001
0100100
111101
101011
01011
01011
0001
0000
11100
0111101
11010
0111110111
11101
11000
111101
1100110
011000
111111
0001
001
0100100
111101
01011
11100
0000
11101
11000
110111000
0111101
11010
11010
011000
01011
11101
11000
110111000
001
11000
101011
0110010
0001
01011
1101111
101011
111101
0001
001
01011
11100
111111
01010
11010
11100
110111011
1101111
0001
111111
0001
10111
001
011000
11000
01011
11101
110111000
11000
0001
111111
001
11101
11000
11100
001
011000
1111001
11101
11000
11100
01010
11010
01011
11100
0000
011000
111101
11100
001
11001110
10100
111111
0001
001
1010100
11010
100
111101
1111000
101011
0000
001
01000101
0001
110111011
01010
11010
100
011000
1111001
11101
11000
11100
001
10111
0000
0001
101101001
01010
11010
100
11001110
10100
111111
0001
001
11111010
01011
0001
1100110
10111
01010
11010
100
11001110
10100
111111
0001
001
11111010
1100110
0001
10111
11100
110010
001
11111010
0000
11101
110111000
1111000
11100
01010
11010
100
11001110
10100
111111
0001
01110
01101
001
1010100
001
1100110
0001
10111
11100
001
101100
001
0000
11101
110111000
1111000
11100
001
101100
001
010000
01010
001
01000101
0001
110111011
001
101100
001
010000
01010
001
01011
0001
1100110
10111
001
101100
001
11100
1111000
11101
01011
01010
0111111
11010
100
011111001
10100
10100
1100110
001
10100
1101111
0001
0000
101011
11100
10100
0000
0100100
01110
111101
10100
11000
01011
11100
001
11001110
10100
111111
0001
001
101101011
001
1111001
11000
01101
001
111101
10100
11000
01011
11100
001
1010100
11010
100
100
0000
0001
11100
011000
0000
11000
001
10111
0000
0001
101101001
001
0111101
001
1111001
11000
11011010
10111
0000
0001
101101001
001
0100101100
001
11100
0000
011000
0001
001
101101010
001
10111
0000
0001
101101001
001
0100100
001
1111001
11000
11011010
10111
0000
0001
101101001
001
0100101100
001
10111
101011
1100110
01011
0001
001
101101010
001
01000101
0001
110111011
001
0100100
001
1111001
11000
11011010
01000101
0001
110111011
001
0100101100
001
11100
0000
011000
0001
001
101101010
001
10111
101011
1100110
01011
0001
01010
11010
100
0111111
11010
0111111
01010
11010
111101
10100
11000
01011
11100
001
011000
1111001
11101
11000
11100
001
010011111
0100011
010011010
010011110
010011011
1111001
010011100
110111001
010010111
110110110
001
101100
001
11001111
010000
01001010
010001000
01010
11010
111101
1100110
101011
01011
01011
001
110111010001
011000
10111
10111
0110010
101011
11000
001
1010100
11010
100
1101111
011000
011111001
1100110
11101
111101
101101010
11010
100
100
11001110
10100
111111
0001
001
11111010
011111001
011000
11101
1100110
111111
01111101100
0000
0001
0001
01110
01101
001
1010100
11010
100
100
100
1101111
0000
11101
10100
0000
11101
11100
110111011
1111001
101101001
011000
0001
011000
0001
0100100
11001110
10100
111111
0001
0111101
001
010011101
01010
11010
100
100
100
011000
1111001
11101
11000
11100
001
11000
011000
0110010
001
101100
001
010000
01010
11010
100
100
100
10111
10100
0000
01110
011000
1111001
11101
11000
11100
001
11101
001
101100
001
010000
01010
001
11101
001
0100100
001
01001010
110110111
010001001
01010
001
1010101
1010101
11101
01101
001
1010100
11010
100
100
100
100
11101
10111
01110
111101
10100
011000
11000
11100
0001
0000
0111100
11101
0110011
001
101100
101100
001
010000
01101
001
111101
10100
11000
11100
11101
11000
011000
0001
01010
11010
100
100
100
100
11001110
10100
111111
0001
001
11111010
101011
11000
01011
001
101100
001
11000
0001
111110110
001
11001110
10100
111111
0001
01110
01101
01010
11010
100
100
100
100
101011
11000
01011
1011011
0111101
01000101
0001
110111011
001
101100
001
11101
110010
001
101011
11000
01011
1011011
0111101
10111
0000
0001
101101001
001
101100
001
111101
10100
011000
11000
11100
0001
0000
0111100
11101
0110011
110010
001
101011
11000
01011
1011011
0111101
01011
0001
1100110
10111
001
101100
001
101011
11000
01011
01010
11010
100
100
100
100
111110000
111110000
10111
1101111
0000
11101
11000
11100
10111
01110
01011
11100
111111
0001
0000
0000
110010
001
1101100
01001100
111111
001
1011011
001
01001100
111111
111110111
11000
1101100
110010
001
101011
11000
01011
1011011
0111101
01000101
0001
110111011
110010
001
101011
11000
01011
1011011
0111101
10111
0000
0001
101101001
01101
01010
11010
100
100
100
100
010011101
11011010
1101111
011000
01011
1111000
01110
11111010
101011
11000
01011
01101
01010
11010
100
100
100
100
1010101
1010101
11000
011000
0110010
01010
11010
100
100
100
0111111
11010
100
100
100
10111
10100
0000
01110
11101
11000
11100
001
11101
001
101100
001
11001111
01010
001
11101
001
0100100
001
11000
011000
0110010
01010
001
1010101
1010101
11101
01101
001
1010100
11010
100
100
100
100
101011
01011
01011
0001
0000
11100
01110
0111110000
010011101
11011010
0001
0110010
1101111
11100
110111011
01110
01101
01101
01010
11010
100
100
100
100
11001110
10100
111111
0001
001
10111
11101
0000
01011
11100
001
101100
001
010011101
11011010
11100
10100
1101111
01110
01101
01010
001
010011101
11011010
1101111
10100
1101111
01110
01101
01010
11010
100
100
100
100
101011
01011
01011
0001
0000
11100
01110
0111110000
010011101
11011010
0001
0110010
1101111
11100
110111011
01110
01101
01101
01010
11010
100
100
100
100
11001110
10100
111111
0001
001
01011
0001
111101
10100
11000
111111
001
101100
001
010011101
11011010
11100
10100
1101111
01110
01101
01010
001
010011101
11011010
1101111
10100
1101111
01110
01101
01010
11010
100
100
100
100
111110000
111110000
10111
1101111
0000
11101
11000
11100
10111
01110
01011
11100
111111
0001
0000
0000
110010
001
1101100
01110
01001100
111111
001
1011011
001
01001100
111111
01101
111110111
11000
1101100
110010
001
10111
11101
0000
01011
11100
11011010
10111
0000
0001
101101001
110010
001
01011
0001
111101
10100
11000
111111
11011010
10111
0000
0001
101101001
01101
01010
11010
100
100
100
100
11001110
10100
111111
0001
001
11111010
101011
11000
01011
001
101100
001
11000
0001
111110110
001
11001110
10100
111111
0001
01110
01101
01010
11010
100
100
100
100
101011
11000
01011
1011011
0111101
1100110
0001
10111
11100
001
101100
001
10111
11101
0000
01011
11100
11011010
01011
0001
1100110
10111
110010
001
101011
11000
01011
1011011
0111101
0000
11101
110111000
1111000
11100
001
101100
001
01011
0001
111101
10100
11000
111111
11011010
01011
0001
1100110
10111
01010
11010
100
100
100
100
101011
11000
01011
1011011
0111101
10111
0000
0001
101101001
001
101100
001
10111
11101
0000
01011
11100
11011010
10111
0000
0001
101101001
001
1010101
001
01011
0001
111101
10100
11000
111111
11011010
10111
0000
0001
101101001
01010
11010
100
100
100
100
010011101
11011010
1101111
011000
01011
1111000
01110
11111010
101011
11000
01011
01101
01010
11010
100
100
100
0111111
11010
100
100
100
101011
01011
01011
0001
0000
11100
01110
0111110000
010011101
11011010
0001
0110010
1101111
11100
110111011
01110
01101
01101
01010
11010
100
100
100
0000
0001
11100
011000
0000
11000
001
010011101
11011010
11100
10100
1101111
01110
01101
11011010
01011
0001
1100110
10111
01010
11010
100
100
0111111
11010
100
100
1101110101
10100
11101
111111
001
11100
0000
101011
111101
0001
01110
111101
1111000
101011
0000
001
11111010
1111001
111101
10100
111111
0001
110010
001
011000
1111001
11101
11000
11100
001
111111
0001
1101111
11100
1111000
110010
001
111101
10100
11000
01011
11100
001
11001110
10100
111111
0001
001
11111010
001
1111001
11000
10100
111111
0001
01101
001
1010100
11010
100
100
100
11101
10111
01110
1111001
11000
10100
111111
0001
1011011
0111101
1100110
0001
10111
11100
001
101100
101100
001
11001110
011111010
0100011
0100011
001
101101011
101101011
001
1111001
11000
10100
111111
0001
1011011
0111101
0000
11101
110111000
1111000
11100
001
101100
101100
001
11001110
011111010
0100011
0100011
01101
001
1010100
11010
100
100
100
100
10111
1101111
0000
11101
11000
11100
10111
01110
01011
11100
111111
0001
0000
0000
110010
001
1101100
01000101
0001
110111011
101101010
001
01001100
111111
111110111
11100
111111
0001
1101111
11100
1111000
101101010
001
01001100
111111
111110111
11100
111101
10100
111111
0001
101101010
001
1101100
110010
001
1111001
11000
10100
111111
0001
1011011
0111101
01000101
0001
110111011
110010
001
111111
0001
1101111
11100
1111000
01101
01010
11010
100
100
100
100
10111
10100
0000
01110
11101
11000
11100
001
11101
001
101100
001
010000
01010
001
11101
001
0100100
001
111111
0001
1101111
11100
1111000
01010
001
11101
1010101
1010101
01101
11010
100
100
100
100
100
10111
1101111
0000
11101
11000
11100
10111
01110
01011
11100
111111
0001
0000
0000
110010
001
1101100
01001100
111111
1101100
110010
001
11111010
01110
1111001
111101
10100
111111
0001
001
1011011
001
111111
0001
1101111
11100
1111000
001
1010101
001
11101
01101
01101
01010
11010
100
100
100
100
10111
1101111
0000
11101
11000
11100
10111
01110
01011
11100
111111
0001
0000
0000
110010
001
1101100
111110111
11000
1101100
01101
01010
11010
100
100
100
100
0000
0001
11100
011000
0000
11000
01010
11010
100
100
100
0111111
11010
100
100
100
11101
10111
01110
1111001
11000
10100
111111
0001
1011011
0111101
1100110
0001
10111
11100
01101
001
1010100
11010
100
100
100
100
111110000
111110000
10111
1101111
0000
11101
11000
11100
10111
01110
01011
11100
111111
0001
0000
0000
110010
001
1101100
01110
1101100
01101
01010
11010
100
100
100
100
11111010
1111001
111101
10100
111111
0001
001
101100
001
010000
01010
11010
100
100
100
100
11100
0000
101011
111101
0001
01110
1111001
111101
10100
111111
0001
1010101
11001111
110010
001
111111
0001
1101111
11100
1111000
001
1010101
001
11001111
110010
001
1111001
11000
10100
111111
0001
1011011
0111101
1100110
0001
10111
11100
01101
01010
11010
100
100
100
100
11111010
1111001
111101
10100
111111
0001
001
101100
001
01001010
01010
11010
100
100
100
0111111
11010
100
100
100
11101
10111
01110
1111001
11000
10100
111111
0001
1011011
0111101
0000
11101
110111000
1111000
11100
01101
001
1010100
11010
100
100
100
100
11111010
1111001
111101
10100
111111
0001
001
101100
001
11001111
01010
11010
100
100
100
100
11100
0000
101011
111101
0001
01110
1111001
111101
10100
111111
0001
1010101
11001111
110010
001
111111
0001
1101111
11100
1111000
1010101
11001111
110010
001
1111001
11000
10100
111111
0001
1011011
0111101
0000
11101
110111000
1111000
11100
01101
01010
11010
100
100
100
100
11111010
1111001
111101
10100
111111
0001
001
101100
001
01001010
01010
11010
100
100
100
100
111110000
111110000
10111
1101111
0000
11101
11000
11100
10111
01110
01011
11100
111111
0001
0000
0000
110010
001
1101100
01101
1101100
01101
01010
11010
100
100
100
0111111
11010
100
100
0111111
11010
100
100
1101110101
10100
11101
111111
001
0000
0001
101011
111111
1111100011
11101
1100110
0001
01110
111101
10100
11000
01011
11100
001
111101
1111000
101011
0000
001
11111010
10111
11101
1100110
0001
01101
001
1010100
11010
100
100
100
1111100011
110111001
0100011
110110110
001
11111010
10111
11101
11000
001
101100
001
10111
10100
1101111
0001
11000
01110
10111
11101
1100110
0001
110010
001
1101100
0000
011111001
1101100
01101
01010
11010
100
100
100
11101
10111
01110
10111
11101
11000
101100
101100
001
11001110
011111010
0100011
0100011
01101
001
1010100
11010
100
100
100
100
10111
1101111
0000
11101
11000
11100
10111
01110
01011
11100
111111
0001
0000
0000
110010
001
1101100
10111
10100
1101111
0001
11000
001
10111
101011
11101
1100110
11011010
111110111
11000
1101100
01101
01010
11010
100
100
100
100
0001
11111001
11101
11100
01110
1011011
11001111
01101
01010
11010
100
100
100
0111111
11010
100
100
100
111101
1111000
101011
0000
001
01011
11100
0000
0111100
010011111
0100011
010011010
010011110
010011011
1111001
010011100
110111001
010010111
110110110
0110011
01010
11010
100
100
100
011000
1111001
11101
11000
11100
001
11000
01010
11010
100
100
100
0110010
0001
0110010
01011
0001
11100
01110
111101
10100
011000
11000
11100
0001
0000
110010
001
010000
110010
001
01011
11101
101101000
0001
10100
10111
01110
111101
10100
011000
11000
11100
0001
0000
01101
01101
01010
11010
100
100
100
111110110
1111000
11101
1100110
0001
01110
01110
11000
001
101100
001
10111
0000
0001
101011
111111
01110
01011
11100
0000
110010
001
01011
11101
101101000
0001
10100
10111
01110
111101
1111000
101011
0000
01101
110010
001
010011111
0100011
010011010
010011110
010011011
1111001
010011100
110111001
010010111
110110110
110010
001
10111
11101
11000
01101
01101
001
0111101
001
010000
01101
001
11010
100
100
100
100
10111
10100
0000
01110
011000
1111001
11101
11000
11100
001
11101
001
101100
001
010000
01010
001
11101
001
0100100
001
11000
01010
001
1010101
1010101
11101
01101
001
111101
10100
011000
11000
11100
0001
0000
0111100
01110
11101
11000
11100
01101
01011
11100
0000
0111100
11101
0110011
0110011
1010101
1010101
01010
11010
100
100
100
10111
10100
0000
01110
11101
11000
11100
001
11101
001
101100
001
010000
01010
001
11101
001
0100100
001
01001010
110110111
010001001
01010
001
1010101
1010101
11101
01101
001
10111
1101111
0000
11101
11000
11100
10111
01110
01011
11100
111111
0001
0000
0000
110010
001
1101100
111101
10100
011000
11000
11100
0001
0000
0111100
01001100
111111
0110011
101101010
001
01001100
111111
111110111
11000
1101100
110010
001
11101
110010
001
111101
10100
011000
11000
11100
0001
0000
0111100
11101
0110011
01101
01010
11010
100
100
100
10111
111101
1100110
10100
01011
0001
01110
10111
11101
11000
01101
01010
11010
100
100
0111111
11010
100
100
1101110101
10100
11101
111111
001
111101
10100
0110010
1101111
0000
0001
01011
01011
01110
111101
10100
11000
01011
11100
001
111101
1111000
101011
0000
001
11111010
10111
11101
1100110
0001
01101
001
1010100
11010
100
100
100
0000
0001
101011
111111
1111100011
11101
1100110
0001
01110
10111
11101
1100110
0001
01101
01010
11010
100
100
100
11001110
10100
111111
0001
001
11111010
0000
10100
10100
11100
001
101100
001
011111001
011000
11101
1100110
111111
01111101100
0000
0001
0001
01110
01101
01010
11010
100
100
100
111101
1111000
101011
0000
001
1111001
111101
10100
111111
0001
0111100
01001010
110110111
010001001
0110011
01010
11010
100
100
100
11100
0000
101011
111101
0001
01110
1111001
111101
10100
111111
0001
110010
001
010000
110010
001
0000
10100
10100
11100
01101
01010
11010
100
100
100
0001
11000
111101
10100
111111
0001
01110
1111001
111101
10100
111111
0001
110010
001
010000
110010
001
0000
10100
10100
11100
01101
01010
11010
100
100
100
111110110
0000
11101
11100
0001
1111100011
11101
1100110
0001
01110
10111
11101
1100110
0001
110010
001
1101100
111101
10100
0110010
1101111
0000
0001
01011
01011
1101100
01101
01010
11010
100
100
0111111
11010
100
100
1101110101
10100
11101
111111
001
11101
01001010
111101
1111000
01110
011000
1111001
11101
11000
11100
001
11000
110010
001
111101
1111000
101011
0000
001
11111010
01011
11100
0000
01101
001
1010100
11010
11010
100
100
100
10111
10100
0000
01110
11101
11000
11100
001
11101
001
101100
001
010000
01010
001
11101
001
0100100
001
010001000
01010
001
1010101
1010101
11101
01101
001
1010100
11010
100
100
100
100
11111010
01110
01011
11100
0000
1010101
11101
01101
001
101100
001
010000
11111001
10111
10111
001
101101011
001
01110
11000
001
0111101
0111101
001
01110
01110
01111101101
1011011
11101
01101
11111010
11011101001
01101
01101
01010
11010
100
100
100
0111111
11010
100
100
0111111
11010
100
100
1101110101
10100
11101
111111
001
111110110
0000
11101
11100
0001
1111100011
11101
1100110
0001
01110
111101
10100
11000
01011
11100
001
111101
1111000
101011
0000
001
11111010
10111
11101
1100110
0001
110010
001
111101
10100
11000
01011
11100
001
111101
1111000
101011
0000
001
11111010
111101
10100
0110010
01101
001
1010100
11010
100
100
100
1111100011
110111001
0100011
110110110
001
11111010
10111
11101
11000
001
101100
001
10111
10100
1101111
0001
11000
01110
10111
11101
1100110
0001
110010
001
1101100
0000
011111001
1101100
01101
01010
11010
100
100
100
1111100011
110111001
0100011
110110110
001
11111010
10111
10100
011000
11100
001
101100
001
10111
10100
1101111
0001
11000
01110
111101
10100
0110010
110010
001
1101100
111110110
011111001
1101100
01101
01010
11010
100
100
100
11101
10111
01110
10111
11101
11000
101100
101100
001
11001110
011111010
0100011
0100011
001
0111110001
0111110001
001
10111
10100
011000
11100
001
101100
101100
001
11001110
011111010
0100011
0100011
01101
001
1010100
11010
100
100
100
100
10111
1101111
0000
11101
11000
11100
10111
01110
01011
11100
111111
0001
0000
0000
110010
001
1101100
10111
10100
1101111
0001
11000
001
10111
101011
11101
1100110
11011010
111110111
11000
1101100
01101
01010
11010
100
100
100
100
0001
11111001
11101
11100
01110
1011011
11001111
01101
01010
11010
100
100
100
0111111
11010
100
100
100
011000
1111001
11101
11000
11100
001
11000
011000
0110010
001
101100
001
010000
01010
11010
100
100
100
10111
10100
0000
01110
11101
11000
11100
001
11101
001
101100
001
010000
01010
001
11101
001
0100100
001
01001010
110110111
010001001
01010
001
1010101
1010101
11101
01101
001
11101
10111
01110
111101
10100
011000
11000
11100
0001
0000
0111100
11101
0110011
001
0111101
001
010000
01101
001
11000
011000
0110010
1010101
1010101
01010
11010
100
100
100
111101
1111000
101011
0000
001
11000
11100
0000
0111100
11011101001
0110011
001
101100
001
1010100
010000
0111111
01010
11010
100
100
100
11101
01001010
111101
1111000
01110
11000
011000
0110010
110010
001
11000
11100
0000
01101
01010
11010
100
100
100
10111
1101111
0000
11101
11000
11100
10111
01110
01011
11100
111111
0001
0000
0000
110010
001
1101100
11000
011000
0110010
001
101101010
001
01001100
111111
1011011
01001100
111111
1011011
01001100
111111
1011011
01001100
111111
001
001
1011011
001
01001100
011000
001
111110111
11000
1101100
110010
001
11000
11100
0000
0111100
010000
0110011
110010
001
11000
11100
0000
0111100
11001111
0110011
110010
001
11000
11100
0000
0111100
01001010
0110011
110010
001
11000
11100
0000
0111100
01111101101
0110011
110010
001
11000
011000
0110010
01101
01010
11010
100
100
100
11101
10111
01110
10111
111110110
0000
11101
11100
0001
01110
11000
11100
0000
110010
001
01011
11101
101101000
0001
10100
10111
01110
111101
1111000
101011
0000
01101
110010
001
010001000
110010
001
10111
10100
011000
11100
01101
001
0100100
001
010001000
01101
001
1010100
11010
100
100
100
100
100
10111
1101111
0000
11101
11000
11100
10111
01110
01011
11100
111111
0001
0000
0000
110010
001
1101100
10111
111110110
0000
11101
11100
0001
001
010001000
001
0001
0000
0000
10100
0000
11011010
111110111
11000
1101100
01101
01010
11010
100
100
100
100
100
0001
11111001
11101
11100
01110
1011011
11001111
01101
01010
11010
100
100
100
100
0111111
11010
11010
100
100
100
10111
10100
0000
01110
11101
11000
11100
001
11101
001
101100
001
010000
01010
001
11101
001
0100100
001
01001010
110110111
010001001
01010
001
1010101
1010101
11101
01101
001
1010100
11010
100
100
100
100
11101
10111
01110
111101
10100
011000
11000
11100
0001
0000
0111100
11101
0110011
001
101100
101100
001
010000
01101
001
111101
10100
11000
11100
11101
11000
011000
0001
01010
11010
100
100
100
100
111101
1111000
101011
0000
001
11100
11100
0000
0111100
11011101001
0110011
001
101100
001
1010100
010000
0111111
01010
11010
100
100
100
100
11100
11100
0000
0111100
010000
0110011
001
101100
001
11101
01010
001
11010
100
100
100
100
11101
01001010
111101
1111000
01110
111101
10100
011000
11000
11100
0001
0000
0111100
11101
0110011
110010
001
11100
11100
0000
1010101
11001111
01101
01010
11010
100
100
100
100
11101
10111
01110
10111
111110110
0000
11101
11100
0001
01110
11100
11100
0000
110010
001
01011
11101
101101000
0001
10100
10111
01110
111101
1111000
101011
0000
01101
110010
001
110110111
110010
001
10111
10100
011000
11100
01101
001
0100100
001
110110111
01101
001
1010100
11010
100
100
100
100
100
10111
1101111
0000
11101
11000
11100
10111
01110
01011
11100
111111
0001
0000
0000
110010
001
1101100
10111
111110110
0000
11101
11100
0001
001
110110111
001
0001
0000
0000
10100
0000
11011010
111110111
11000
1101100
01101
01010
11010
100
100
100
100
100
0001
11111001
11101
11100
01110
1011011
11001111
01101
01010
11010
100
100
100
100
0111111
11010
100
100
100
0111111
11010
100
100
100
111101
1111000
101011
0000
001
01011
11100
0000
0111100
010011111
0100011
010011010
010011110
010011011
1111001
010011100
110111001
010010111
110110110
0110011
01010
11010
100
100
100
111101
1111000
101011
0000
001
111101
11100
0000
0111100
010011111
0100011
010011010
010011110
010011011
1111001
010011100
110111001
010010111
110110110
0110011
01010
11010
100
100
100
0110010
0001
0110010
01011
0001
11100
01110
111101
11100
0000
110010
001
010000
110010
001
01011
11101
101101000
0001
10100
10111
01110
111101
11100
0000
01101
01101
01010
11010
100
100
100
011000
1111001
11101
11000
11100
001
11000
110010
001
0001
11111001
001
101100
001
010000
01010
11010
100
100
100
11101
11000
11100
001
11101
11111001
001
101100
001
0100101101
01010
11010
100
100
100
111110110
1111000
11101
1100110
0001
01110
01110
11000
001
101100
001
10111
0000
0001
101011
111111
01110
01011
11100
0000
110010
001
01011
11101
101101000
0001
10100
10111
01110
111101
1111000
101011
0000
01101
110010
001
010011111
0100011
010011010
010011110
010011011
1111001
010011100
110111001
010010111
110110110
110010
001
10111
11101
11000
01101
01101
001
0111101
001
010000
01101
001
1010100
11010
100
100
100
100
10111
10100
0000
01110
011000
1111001
11101
11000
11100
001
11101
001
101100
001
010000
01010
001
11101
001
0100100
001
11000
01010
001
1010101
1010101
11101
01101
001
1010100
11010
100
100
100
100
100
10111
10100
0000
01110
11101
11000
11100
001
1111100010
001
101100
001
010000
01010
001
1111100010
001
0100100
001
0110010
101011
01011
01000101
0111100
01011
11100
0000
0111100
11101
0110011
0110011
01010
001
1010101
1010101
1111100010
01101
001
1010100
11010
100
100
100
100
100
100
11101
10111
01110
111101
10100
111111
0001
0111100
01011
11100
0000
0111100
11101
0110011
0110011
0111100
1111100010
0110011
001
101100
101100
001
11001111
01101
11010
100
100
100
100
100
100
111101
11100
0000
0111100
0001
11111001
0110011
001
101100
001
111101
11100
0000
0111100
0001
11111001
0110011
001
0111110001
001
01110
11001111
0100100
0100100
11101
11111001
01101
01010
11010
100
100
100
100
100
100
11101
11111001
1011011
1011011
01010
11010
100
100
100
100
100
100
11101
10111
01110
11101
11111001
001
0100100
001
010000
01101
001
0001
11111001
1010101
1010101
110010
001
11101
11111001
001
101100
001
0100101101
01010
11010
100
100
100
100
100
100
11101
10111
01110
0001
11111001
001
101100
101100
001
010011111
0100011
010011010
010011110
010011011
1111001
010011100
110111001
010010111
110110110
01101
001
1010100
11010
100
100
100
100
100
100
100
111110000
111110000
0000
0000
0000
0000
0000
0000
0000
0000
0000
0000
0000
0000
0000
0000
0000
0000
0000
0000
0000
0000
0000
0000
0000
0000
0000
0000
0000
0000
0000
0000
0000
0000
0000
0000
0000
0000
0000
0000
0000
0000
0000
0000
0000
0000
0000
0000
0000
0000
11010
100
100
100
100
100
100
100
11101
10111
01110
10111
111110110
0000
11101
11100
0001
01110
111101
11100
0000
110010
001
01011
11101
101101000
0001
10100
10111
01110
111101
1111000
101011
0000
01101
110010
001
0001
11111001
110010
001
10111
10100
011000
11100
01101
001
0100100
001
0001
11111001
01101
001
1010100
11010
100
100
100
100
100
100
100
100
10111
1101111
0000
11101
11000
11100
10111
01110
01011
11100
111111
0001
0000
0000
110010
001
1101100
10111
111110110
0000
11101
11100
0001
001
0001
0000
0000
10100
0000
11011010
111110111
11000
1101100
01101
01010
11010
100
100
100
100
100
100
100
100
0001
11111001
11101
11100
01110
1011011
11001111
01101
01010
11010
100
100
100
100
100
100
100
0111111
11010
100
100
100
100
100
100
100
0110010
0001
0110010
01011
0001
11100
01110
111101
11100
0000
110010
001
010000
110010
001
01011
11101
101101000
0001
10100
10111
01110
111101
11100
0000
01101
01101
01010
11010
100
100
100
100
100
100
100
0001
11111001
001
101100
001
010000
110010
001
11101
11111001
001
101100
001
0100101101
01010
11010
100
100
100
100
100
100
0111111
11010
11010
100
100
100
100
100
0111111
11010
100
100
100
100
0111111
11010
100
100
100
0111111
11010
100
100
100
10111
1101111
0000
11101
11000
11100
10111
01110
01011
11100
111111
0001
0000
0000
110010
001
1101100
111110110
0000
11101
11100
0001
001
11101
11000
001
11100
10100
001
111101
10100
0110010
1101111
0000
0001
01011
01011
001
0001
11111001
001
01001100
111111
111110111
11000
1101100
110010
001
0001
11111001
01101
01010
11010
100
100
100
11101
10111
01110
10111
111110110
0000
11101
11100
0001
01110
111101
11100
0000
110010
001
01011
11101
101101000
0001
10100
10111
01110
111101
1111000
101011
0000
01101
110010
001
0001
11111001
110010
001
10111
10100
011000
11100
01101
001
0100100
001
0001
11111001
01101
001
1010100
11010
100
100
100
100
10111
1101111
0000
11101
11000
11100
10111
01110
01011
11100
111111
0001
0000
0000
110010
001
1101100
10111
111110110
0000
11101
11100
0001
001
0001
0000
0000
10100
0000
11011010
111110111
11000
1101100
01101
01010
11010
100
100
100
100
0001
11111001
11101
11100
01110
1011011
11001111
01101
01010
11010
100
100
100
0111111
11010
100
100
100
10111
111101
1100110
10100
01011
0001
01110
10111
11101
11000
01101
01010
11010
100
100
100
10111
111101
1100110
10100
01011
0001
01110
10111
10100
011000
11100
01101
01010
11010
100
100
0111111
11010
100
100
1101110101
10100
11101
111111
001
011111001
11101
11000
101011
0000
110111011
110111010000
0000
11101
11000
11100
01110
111101
1111000
101011
0000
001
11000
01101
001
1010100
11010
100
100
001
100
10111
10100
0000
01110
11101
11000
11100
001
11101
001
101100
001
0100101101
01010
001
11101
001
0111101
101100
001
010000
01010
001
1011011
1011011
11101
01101
11010
100
100
100
100
10111
1101111
0000
11101
11000
11100
10111
01110
01011
11100
111111
0001
0000
0000
110010
001
1101100
01001100
111111
1101100
110010
001
01110
01110
11001111
0100100
0100100
11101
01101
001
101101011
001
01110
010000
11111001
010000
010000
010000
010000
010000
010000
10111
10111
001
101101011
001
11000
01101
01101
001
0100101100
001
11001111
001
101101010
001
010000
01101
01010
11010
100
100
0111111
11010
100
100
111110000
111110000
1111001
111101
10100
111111
0001
001
101101010
001
010000
110010
001
1111001
0110010
101011
01011
01000101
001
101101010
001
010000
11010
100
100
1101110101
10100
11101
111111
001
0001
11000
111101
10100
111111
0001
01110
111101
1111000
101011
0000
001
11111010
1111001
111101
10100
111111
0001
110010
001
111101
1111000
101011
0000
001
1111001
0110010
101011
01011
01000101
110010
001
111101
10100
11000
01011
11100
001
11001110
10100
111111
0001
001
11111010
11000
10100
111111
0001
01101
001
1010100
11010
100
100
100
11101
10111
01110
11000
10100
111111
0001
1011011
0111101
1100110
0001
10111
11100
001
101100
101100
001
11001110
011111010
0100011
0100011
001
101101011
101101011
001
11000
10100
111111
0001
1011011
0111101
0000
11101
110111000
1111000
11100
001
101100
101100
001
11001110
011111010
0100011
0100011
01101
001
1010100
11010
100
100
100
100
10111
10100
0000
01110
11101
11000
11100
001
11101
001
101100
001
010000
01010
001
11101
001
0100100
001
1111001
0110010
101011
01011
01000101
01010
001
1010101
1010101
11101
01101
001
1010100
11010
100
100
100
100
100
111101
10100
111111
0001
0111100
11000
10100
111111
0001
1011011
0111101
01000101
0001
110111011
0110011
0111100
11101
0110011
001
101100
001
11111010
01110
1111001
111101
10100
111111
0001
1011011
1111001
0110010
101011
01011
01000101
1010101
11101
01101
01010
11010
100
100
100
100
0111111
11010
100
100
100
100
0110010
101011
01011
01000101
0111100
11000
10100
111111
0001
1011011
0111101
01000101
0001
110111011
0110011
001
101100
001
1111001
0110010
101011
01011
01000101
01010
11010
100
100
100
100
0000
0001
11100
011000
0000
11000
001
01010
11010
100
100
100
0111111
11010
100
100
100
11101
10111
01110
11000
10100
111111
0001
1011011
0111101
1100110
0001
10111
11100
01101
001
1010100
11010
100
100
100
100
11111010
1111001
111101
10100
111111
0001
001
101100
001
010000
01010
11010
100
100
100
100
0001
11000
111101
10100
111111
0001
01110
1111001
111101
10100
111111
0001
1010101
11001111
110010
001
1111001
0110010
101011
01011
01000101
1010101
11001111
110010
001
11000
10100
111111
0001
1011011
0111101
1100110
0001
10111
11100
01101
01010
11010
100
100
100
0111111
11010
100
100
100
11101
10111
01110
11000
10100
111111
0001
1011011
0111101
0000
11101
110111000
1111000
11100
01101
001
1010100
11010
100
100
100
100
11111010
1111001
111101
10100
111111
0001
001
101100
001
11001111
01010
11010
100
100
100
100
0001
11000
111101
10100
111111
0001
01110
1111001
111101
10100
111111
0001
1010101
11001111
110010
001
1111001
0110010
101011
01011
01000101
1010101
11001111
110010
001
11000
10100
111111
0001
1011011
0111101
0000
11101
110111000
1111000
11100
01101
01010
11010
100
100
100
0111111
11010
100
100
0111111
11010
100
100
100
11010
100
100
1101110101
10100
11101
111111
001
111111
0001
111101
10100
0110010
1101111
0000
0001
01011
01011
01110
111101
10100
11000
01011
11100
001
111101
1111000
101011
0000
001
11111010
10111
11101
1100110
0001
01101
001
1010100
11010
100
100
100
1111100011
110111001
0100011
110110110
001
11111010
10111
11101
11000
001
101100
001
10111
10100
1101111
0001
11000
01110
10111
11101
1100110
0001
110010
001
1101100
0000
011111001
1101100
01101
01010
11010
100
100
100
1111100011
110111001
0100011
110110110
001
11111010
10111
10100
011000
11100
001
101100
001
10111
10100
1101111
0001
11000
01110
1101100
111111
0001
111101
10100
0110010
1101111
0000
0001
01011
01011
1101100
110010
001
1101100
111110110
011111001
1101100
01101
01010
11010
100
100
100
11101
10111
01110
10111
11101
11000
001
101100
101100
001
11001110
011111010
0100011
0100011
001
0111110001
0111110001
001
10111
10100
011000
11100
001
101100
101100
001
11001110
011111010
0100011
0100011
01101
001
1010100
11010
100
100
100
100
10111
1101111
0000
11101
11000
11100
10111
01110
01011
11100
111111
0001
0000
0000
110010
001
1101100
10111
10100
1101111
0001
11000
001
10111
101011
11101
1100110
11011010
111110111
11000
1101100
01101
01010
11010
100
100
100
100
0001
11111001
11101
11100
01110
1011011
11001111
01101
01010
11010
100
100
100
0111111
11010
100
100
100
111101
1111000
101011
0000
001
01011
11100
0000
0111100
010011111
0100011
010011010
010011110
010011011
1111001
010011100
110111001
010010111
110110110
0110011
001
101100
001
1010100
010000
0111111
01010
11010
100
100
100
0110010
0001
0110010
01011
0001
11100
01110
111101
10100
011000
11000
11100
0001
0000
110010
001
010000
110010
001
01011
11101
101101000
0001
10100
10111
01110
111101
10100
011000
11000
11100
0001
0000
01101
01101
01010
11010
100
100
100
11101
10111
01110
10111
0000
0001
101011
111111
01110
01011
11100
0000
110010
001
01011
11101
101101000
0001
10100
10111
01110
111101
1111000
101011
0000
01101
110010
001
010001000
110010
001
10111
11101
11000
01101
001
0100100
001
010001000
01101
001
1010100
11010
100
100
100
100
10111
1101111
0000
11101
11000
11100
10111
01110
01011
11100
111111
0001
0000
0000
110010
001
1101100
10111
0000
0001
101011
111111
001
10111
11101
0000
01011
11100
001
010001000
001
111101
1111000
101011
0000
001
10111
101011
11101
1100110
11011010
111110111
11000
1101100
01101
01010
11010
100
100
100
100
0001
11111001
11101
11100
01110
1011011
11001111
01101
01010
11010
100
100
100
0111111
11010
100
100
100
011000
1111001
11101
11000
11100
001
11000
001
101100
001
111101
1111000
01001010
11101
01110
01011
11100
0000
01101
01010
11010
100
100
100
111110000
111110000
10111
1101111
0000
11101
11000
11100
10111
01110
01011
11100
111111
0001
0000
0000
110010
001
1101100
11000
001
101101010
001
01001100
111111
1011011
01001100
111111
1011011
01001100
111111
1011011
01001100
111111
001
001
1011011
001
01001100
011000
001
111110111
11000
1101100
110010
001
01011
11100
0000
0111100
010000
0110011
110010
001
01011
11100
0000
0111100
11001111
0110011
110010
001
01011
11100
0000
0111100
01001010
0110011
110010
001
01011
11100
0000
0111100
01111101101
0110011
110010
001
11000
01101
01010
11010
100
100
100
10111
10100
0000
01110
011000
1111001
11101
11000
11100
001
11101
001
101100
001
010000
01010
001
11101
001
0100100
001
11000
01010
001
1010101
1010101
11101
01101
001
1010100
11010
100
100
100
100
11101
10111
01110
10111
0000
0001
101011
111111
01110
01011
11100
0000
110010
001
01011
11101
101101000
0001
10100
10111
01110
111101
1111000
101011
0000
01101
110010
001
110110111
110010
001
10111
11101
11000
01101
001
0100100
001
110110111
01101
001
1010100
11010
100
100
100
100
100
10111
1101111
0000
11101
11000
11100
10111
01110
01011
11100
111111
0001
0000
0000
110010
001
1101100
10111
0000
0001
101011
111111
001
110110111
1011011
110111000
0000
10100
011000
1101111
001
10111
101011
11101
1100110
11011010
111110111
11000
1101100
01101
01010
11010
100
100
100
100
100
0001
11111001
11101
11100
01110
1011011
11001111
01101
01010
11010
100
100
100
100
0111111
11010
100
100
100
100
111101
10100
011000
11000
11100
0001
0000
0111100
01110
11101
11000
11100
01101
01011
11100
0000
0111100
010000
0110011
0110011
001
101100
001
111101
1111000
01001010
11101
01110
01011
11100
0000
1010101
11001111
01101
01010
11010
100
100
100
0111111
11010
100
100
100
11001110
10100
111111
0001
001
11111010
0000
10100
10100
11100
001
101100
001
011111001
011000
11101
1100110
111111
01111101100
0000
0001
0001
01110
01101
01010
11010
100
100
100
11001110
10100
111111
0001
001
11111010
101011
11000
01011
001
101100
001
0000
10100
10100
11100
01010
11010
100
100
100
111101
1111000
101011
0000
001
1111001
111101
10100
111111
0001
0111100
01001010
110110111
010001001
0110011
01010
11010
100
100
100
11100
0000
101011
111101
0001
01110
1111001
111101
10100
111111
0001
110010
001
010000
110010
001
101011
11000
01011
01101
01010
11010
100
100
100
011000
1111001
11101
11000
11100
001
11101
11111001
001
101100
001
010000
01010
11010
100
100
100
111101
1111000
101011
0000
001
111101
11100
0000
0111100
010011111
0100011
010011010
010011110
010011011
1111001
010011100
110111001
010010111
110110110
0110011
01010
11010
100
100
100
11010
100
100
100
111110110
1111000
11101
1100110
0001
01110
01110
11000
001
101100
001
10111
0000
0001
101011
111111
01110
01011
11100
0000
110010
001
01011
11101
101101000
0001
10100
10111
01110
111101
1111000
101011
0000
01101
110010
001
010011111
0100011
010011010
010011110
010011011
1111001
010011100
110111001
010010111
110110110
110010
001
10111
11101
11000
01101
01101
001
0111101
001
010000
01101
001
1010100
11010
100
100
100
100
10111
10100
0000
01110
011000
1111001
11101
11000
11100
001
11101
001
101100
001
010000
01010
001
11101
001
0100100
001
11000
01010
001
1010101
1010101
11101
01101
001
1010100
11010
100
100
100
100
100
10111
10100
0000
01110
11101
11000
11100
001
1111100010
001
101100
001
0100101101
01010
001
1111100010
001
0111101
101100
001
010000
01010
001
1011011
1011011
1111100010
01101
001
1010100
11010
100
100
100
100
100
100
10111
1101111
0000
11101
11000
11100
10111
01110
01011
11100
111111
0001
0000
0000
110010
001
1101100
01001100
111111
1101100
110010
01110
01110
11001111
0100100
0100100
1111100010
01101
001
101101011
001
01110
010000
11111001
010000
010000
010000
010000
010000
010000
10111
10111
001
101101011
001
01011
11100
0000
0111100
11101
0110011
01101
01101
001
0100101100
001
11001111
001
101101010
001
010000
01101
01010
001
11010
100
100
100
100
100
100
11101
10111
01110
01110
01110
11001111
0100100
0100100
1111100010
01101
001
101101011
001
01110
010000
11111001
010000
010000
010000
010000
010000
010000
10111
10111
001
101101011
001
01011
11100
0000
0111100
11101
0110011
01101
01101
01101
001
1010100
11010
100
100
100
100
100
100
100
101011
01011
01011
0001
0000
11100
01110
101011
11000
01011
1011011
0111101
0000
11101
110111000
1111000
11100
001
0111110000
101100
001
11001110
011111010
0100011
0100011
01101
01010
11010
100
100
100
100
100
100
100
101011
11000
01011
001
101100
001
101011
11000
01011
1011011
0111101
0000
11101
110111000
1111000
11100
01010
11010
100
100
100
100
100
100
0111111
11010
100
100
100
100
100
100
0001
1100110
01011
0001
001
1010100
11010
100
100
100
100
100
100
100
101011
01011
01011
0001
0000
11100
01110
101011
11000
01011
1011011
0111101
1100110
0001
10111
11100
001
0111110000
101100
001
11001110
011111010
0100011
0100011
01101
01010
11010
100
100
100
100
100
100
100
101011
11000
01011
001
101100
001
101011
11000
01011
1011011
0111101
1100110
0001
10111
11100
01010
11010
100
100
100
100
100
100
0111111
11010
100
100
100
100
100
100
11101
10111
01110
101011
11000
01011
1011011
0111101
1100110
0001
10111
11100
001
101100
101100
001
11001110
011111010
0100011
0100011
001
101101011
101101011
001
101011
11000
01011
1011011
0111101
0000
11101
110111000
1111000
11100
001
101100
101100
001
11001110
011111010
0100011
0100011
01101
001
1010100
11010
100
100
100
100
100
100
100
10111
1101111
0000
11101
11000
11100
10111
01110
01011
11100
111111
0001
0000
0000
110010
001
1101100
111110111
11000
1101100
01101
01010
11010
100
100
100
100
100
100
100
111101
11100
0000
0111100
11101
11111001
1010101
1010101
0110011
001
101100
001
101011
11000
01011
1011011
0111101
01000101
0001
110111011
01010
11010
100
100
100
100
100
100
100
11101
10111
01110
11101
11111001
001
101100
101100
001
010011111
0100011
010011010
010011110
010011011
1111001
010011100
110111001
010010111
110110110
01101
001
1010100
11010
100
100
100
100
100
100
100
100
111110000
111110000
0000
0000
0000
0000
0000
0000
0000
0000
0000
0000
0000
0000
0000
0000
0000
0000
0000
0000
0000
0000
0000
0000
0000
0000
0000
0000
0000
0000
0000
0000
0000
0000
0000
0000
0000
0000
0000
0000
0000
0000
0000
0000
0000
0000
0000
0000
0000
0000
11010
100
100
100
100
100
100
100
100
10111
111110110
0000
11101
11100
0001
01110
111101
11100
0000
110010
001
01011
11101
101101000
0001
10100
10111
01110
111101
1111000
101011
0000
01101
110010
001
11101
11111001
110010
001
10111
10100
011000
11100
01101
01010
100
100
11010
100
100
100
100
100
100
100
100
11101
11111001
001
101100
001
010000
01010
11010
100
100
100
100
100
100
100
0111111
11010
100
100
100
100
100
100
100
101011
11000
01011
001
101100
001
0000
10100
10100
11100
01010
11010
100
100
100
100
100
100
0111111
11010
100
100
100
100
100
0111111
11010
100
100
100
100
0111111
11010
100
100
100
0111111
11010
100
100
100
10111
111101
1100110
10100
01011
0001
01110
10111
11101
11000
01101
01010
11010
100
100
100
10111
111101
1100110
10100
01011
0001
01110
10111
10100
011000
11100
01101
01010
11010
100
100
0111111
11010
100
100
011000
1111001
11101
11000
11100
001
111101
1111000
01001010
11101
01110
111101
10100
11000
01011
11100
001
111101
1111000
101011
0000
001
11111010
01011
11100
0000
01101
001
1010100
11010
100
100
100
011000
1111001
11101
11000
11100
001
0000
0001
01011
001
101100
001
010000
01010
11010
100
100
100
10111
10100
0000
01110
11101
11000
11100
001
11101
001
101100
001
010000
01010
001
11101
001
0100100
001
010001000
01010
001
1010101
1010101
11101
01101
001
0000
0001
01011
001
101100
001
01110
0000
0001
01011
0100100
0100100
11011101001
01101
001
0111110001
001
01110
010000
11111001
010000
010000
010000
010000
010000
010000
10111
10111
001
101101011
001
01011
11100
0000
0111100
11101
0110011
01101
01010
11010
100
100
100
0000
0001
11100
011000
0000
11000
001
0000
0001
01011
01010
11010
100
100
0111111
11010
100
1101111
0000
11101
1101110101
101011
11100
0001
101101010
11010
100
100
111101
1111000
101011
0000
001
0110010
101011
01011
01000101
0111100
01001010
110110111
010001001
0110011
01010
11010
100
100
111101
1111000
101011
0000
001
111101
10100
111111
0001
0111100
01001010
110110111
010001001
0110011
0111100
01001010
110110111
010001001
0110011
01010
11010
100
100
011000
1111001
11101
11000
11100
001
111101
10100
011000
11000
11100
0001
0000
0111100
01001010
110110111
010001001
0110011
01010
11010
0111111
01010
11010
11101
11000
11100
11010
0110010
101011
11101
11000
01110
01101
001
1010100
11010
100
110111010001
011000
10111
10111
0110010
101011
11000
001
1111000
011000
10111
10111
01010
11010
100
1111000
011000
10111
10111
11011010
111101
10100
0110010
1101111
0000
0001
01011
01011
01110
1101100
1111000
011000
10111
10111
0110010
101011
11000
11011010
111101
1101111
1101111
1101100
01101
01010
11010
111110000
111110000
100
1111000
011000
10111
10111
11011010
111111
0001
111101
10100
0110010
1101111
0000
0001
01011
01011
01110
1101100
111101
10100
0110010
1101111
0000
0001
01011
01011
1101100
01101
01010
11010
100
0000
0001
11100
011000
0000
11000
001
010000
01010
11010
0111111
1101